40 37 40 47 50 53 53
77 75 76 80 84
45 40 37 34 32 29 27 30
12 12 15 18 23 24 30
35 41 43 45 47 48 55 59
17 20 22 29 32 33 35
54 55 57 60 67 74
78 78 77 77 75 74 72
29 27 28 27 30 32 35 36
60 64 67 67 68 71 74
79 77 77 79 86
67 68 71 74 81 82 84 90
51 55 58 60 61 58
4 6 10 11 14 17 18 18
84 90 93 92 93 96 98 97
65 61 61 59 58 55
91 94 97 96 95 92 90
25 29 32 34 37 40 44
25 21 19 16 17
42 40 36 35 34 32 26
75 71 70 69 68 64 58
86 86 85 85 84 81 82
16 12 11 10 9 9
30 26 25 20 19 15
54 51 50 49 46 43 37 34
23 26 25 24 20
85 89 87 89 92 97
93 89 88 86 88 86 83 77
77 71 67 66 64 64
48 55 57 64 67 70
53 50 52 59 58
51 54 53 52 52 45
70 64 63 62 60 60 57 50
72 66 65 63 65 64 62 55
21 21 23 25 22 25
19 18 17 11 9 2
46 42 39 39 42
21 25 30 31 35
63 56 54 52 49 48 51 47
51 48 48 50 53 57
3 3 2 2 2
92 88 86 89 87 86 83 82
11 16 18 21 22 23 23
79 79 79 82 83 86 88 95
19 22 19 18 18 15 15
53 56 54 51 51 54
83 80 83 85 88 85 87 86
23 22 24 26 26 28 31 34
30 26 23 21 20 16 19
55 54 54 56 58 58
24 28 32 34 35 36
61 61 58 57 52 49 49
71 71 72 73 77 78
32 36 38 43 50
93 93 92 92 89 87 80
71 71 69 65 63 63
71 71 68 65 61
55 58 55 51 48 45 45
48 45 44 40 35
21 21 18 16 13 11 7 8
47 46 48 48 50
11 8 10 7 3
28 21 19 16 16 13
24 21 14 11 10 8 7 7
45 43 41 39 32 26
64 64 63 60 56 55 49
47 49 46 43 39 36 32
69 69 68 65 63 66
69 67 64 62 59 56 49 52
35 37 35 32 31 33 30 32
2 9 12 12 14 15 20
51 51 51 54 58
55 55 59 62 62
79 79 78 76 78
64 67 68 71 75 77 83
20 18 21 23 26 29 33 37
32 36 38 41 41 48
22 16 15 13 12 9 7 3
42 42 40 35 30
21 26 28 29 31 31 34
91 89 88 89 86 85 82 82
61 54 53 48 45 45
66 64 58 56 55 52 52
90 86 86 83 80 78 78
36 38 40 45 46 49 48
75 74 76 78 75 75
7 4 7 9 11 18 24
59 63 66 69 70 70
75 68 65 66 65 66
79 83 85 88 89 92 94 94
78 78 79 77 81
23 22 21 17 16
62 66 73 75 73
63 69 70 68 69 73
6 11 9 12 14 15 12
53 57 57 60 61 64 66 70
7 7 8 9 11 14 18 22
77 79 76 74 71 68 63 63
37 44 45 50 53 54 51
13 17 19 22 25 28 29 34
57 57 60 59 60 64
54 53 53 52 49 49
68 70 68 66 66 63 60 58
61 61 63 66 68 68
59 55 52 51 48 45 41
7 7 14 16 20
69 69 67 65 66 63 66
51 50 52 54 57 55 56 60
81 84 82 78 80
48 48 45 48 50 56
71 69 72 70 75
15 19 22 26 28 30 34
42 44 45 46 47 51 52 54
90 85 82 79 81 79 76 73
74 81 85 86 86
90 88 85 83 83 79
50 50 47 45 44 40 40
7 12 14 16 20 22 24 21
75 71 69 66 64 58 57 58
66 66 65 60 57
80 73 75 74 71
32 36 36 39 43
27 27 30 32 38 40 41 47
43 41 37 35 35
61 68 69 68 71 74 79
30 32 30 28 25 22 18 17
70 73 71 73 70 69 67 63
86 83 84 87 88 91 98 96
19 14 11 9 10 7 6 6
60 57 58 62 65 63
80 84 86 93 93
52 52 56 58 65
20 18 20 18 13
36 43 45 47 49 55 55
14 11 9 8 5 2 4 5
97 91 90 88 85 83 78
63 63 56 55 54 57
74 70 64 62 60
73 67 64 62 61 57
8 5 8 12 14 17
39 45 49 52 49
20 22 28 30 31 35
48 52 55 57 60 59 62 68
65 66 65 65 61
45 52 53 55 55
21 23 25 28 30 30 33 37
87 90 88 86 88
23 21 20 23 21 16
23 26 23 24 27 28
8 7 8 9 12 11 15
42 38 35 31 30 26
55 51 49 46 46 43 42
23 22 23 26 28 31 34 38
38 42 44 46 43
29 25 24 22 23 20 16
8 12 16 18 20 24
50 57 59 61 66 67 71
56 59 60 64 65 69
21 19 20 24 26 25
13 13 10 8 10 9 6 3
14 14 15 12 10 9 5
59 59 60 59 57 57
93 96 94 93 89 91
21 14 11 9 5 4 7
61 58 57 56 56 52
3 7 4 5 4
14 15 16 14 12 12
67 67 74 75 76 78
64 63 65 65 63
35 41 42 44 51
80 76 73 70 66 64 67
34 27 25 28 26 23 20 15
11 16 19 23 26
21 21 15 12 12
47 51 53 54 59 60 57
12 13 11 14 14
83 90 91 92 90 93 95
22 21 17 15 14 11 11
13 17 20 24 26 26
82 77 76 75 74 70 68 63
4 8 11 13 13 14 17 14
87 87 86 84 82 80 78 78
5 3 4 6 9 10 10 17
81 84 89 92 94 92
52 56 58 65 69
16 16 19 24 25
31 36 39 40 43 48 54
81 88 85 88 88
83 85 86 83 78
53 53 56 55 55
54 55 53 56 62
80 79 79 76 69
99 94 90 89 86 84 81
5 5 6 6 9
50 44 40 39 36 34 32 28
28 24 22 21 16
98 94 93 87 87
3 7 12 14 16 16
6 4 7 10 12 13 15 21
88 84 84 82 79 76 72
38 44 47 47 45
34 29 28 26 24 22 25 27
30 24 22 15 13 12 9
30 26 29 28 25 22 22
9 9 10 11 13 15 18 25
55 51 49 45 43
16 17 10 9 7 5 3 2
90 93 93 92 90 88 82
7 7 9 8 11 11
76 70 68 65 65 64 61 61
65 70 67 68 71 73 73
57 54 54 52 46
53 56 50 47 46 42
86 91 88 91 93 97
71 67 66 65 63 65 64
8 8 11 16 16
13 17 19 23 24 26 27 24
73 80 83 84 87 92 93 91
21 17 16 16 15 12 6
40 44 47 50 49 52 55 55
14 15 12 12 9 5
99 94 92 91 89 88 85 87
32 33 36 37 34 36 39 37
51 51 53 54 56 60 63 61
63 65 63 62 58 55 55
13 13 14 16 13
20 22 22 24 31
17 17 14 11 10 8 2
52 45 42 40 34 29
46 49 48 45 43 42 38 33
10 10 10 8 6 4
17 13 9 6 3 3
77 84 84 86 88 89 89
57 53 52 51 49 48 48
26 20 18 18 13
66 67 69 70 74 75 74
36 34 38 39 39
39 39 37 40 39 36 33 36
25 31 33 34 35 36 38 42
33 33 32 31 32 30 28 21
41 37 34 32 31 30 30 26
22 25 28 27 24
93 93 91 92 93
52 49 42 41 37
57 64 67 70 73 73 74 81
61 64 63 65 66 70
90 88 85 84 81 77 75 74
68 66 63 60 57 53 50 46
84 87 90 90 89
91 91 88 85 85 82 81 77
30 26 20 17 15 12 9 9
82 82 80 79 74 72 68
92 92 95 93 92
85 85 86 89 92 93 98 96
22 16 15 8 4
92 88 87 85 81 81
20 14 13 8 5 4 1 2
80 82 85 88 90 87 88 88
46 47 44 41 34
82 76 70 67 65 63 56
44 41 46 47 51
72 77 83 85 88 89 91
11 14 15 17 20 27 27
37 35 36 39 41 42 44 44
38 34 35 34 32 34
5 10 13 16 19 16
39 34 27 24 21
69 69 66 63 59 56 52
26 20 18 14 12 11 7
34 33 35 37 39 42 43 43
67 73 75 75 79
85 83 83 81 81
17 21 22 22 23 26 26
70 74 75 77 81 83 88
26 26 29 33 35 36 40
20 20 18 14 11 7
88 87 88 90 90 91 91
29 24 24 23 21 21
99 99 94 93 92 94
72 66 66 63 65
41 41 43 47 48 50 49
75 71 69 66 68 66 61
8 12 13 14 16 23 26
27 21 20 18 15 15
55 53 55 57 59 60 57
34 30 28 21 23
73 73 71 68 66 63 64 64
87 87 93 94 98
82 81 80 80 83
37 37 38 41 41 44 46 44
52 55 54 51 50 43
57 53 50 43 42 40 39 32
70 65 64 64 62 60 57 53
47 47 43 42 41 39
50 52 56 59 63
44 49 51 55 59
45 45 47 46 43 40 36
64 63 64 68 74
32 32 29 29 29
43 46 49 52 55 55 55
87 87 87 90 90
57 64 62 65 67 72
39 42 35 33 30 27 21
11 15 17 17 23
95 96 95 95 93 94
33 40 41 45 52
91 91 92 94 98
49 53 56 58 57 59 63
56 58 55 53 52 50 49 49
69 68 68 70 74
11 13 10 5 3 2 1 4